6.3557E1 3E0
6.3559E1 1E0
6.3561E1 5E0
6.3563E1 7E0
6.3565E1 5E0
6.3567E1 3E0
6.3569E1 4E0
6.3571E1 6E0
6.3573E1 7E0
6.3575E1 6E0
6.3577E1 2E0
6.3579E1 2E0
6.3581E1 7E0
6.3583E1 8E0
6.3585E1 6E0
6.3587E1 6E0
6.3589E1 1E1
6.3591E1 4E0
6.3593E1 5E0
6.3595E1 5E0
6.3597E1 4E0
6.3599E1 1.1E1
6.3601E1 6E0
6.3603E1 4E0
6.3605E1 3E0
6.3607E1 1E1
6.3609E1 5E0
6.3611E1 6E0
6.3613E1 2E0
6.3615E1 8E0
6.3617E1 8E0
6.3619E1 3E0
6.3621E1 6E0
6.3623E1 1E0
6.3625E1 7E0
6.3627E1 9E0
6.3629E1 8E0
6.3631E1 4E0
6.3633E1 7E0
6.3635E1 4E0
6.3637E1 8E0
6.3639E1 1E0
6.3641E1 4E0
6.3643E1 8E0
6.3645E1 4E0
6.3647E1 3E0
6.3649E1 9E0
6.3651E1 5E0
6.3653E1 6E0
6.3655E1 1E1
6.3657E1 2E0
6.3659E1 7E0
6.3661E1 2E0
6.3663E1 4E0
6.3665E1 5E0
6.3667E1 3E0
6.3669E1 1E1
6.3671E1 6E0
6.3673E1 1.1E1
6.3675E1 5E0
6.3677E1 4E0
6.3679E1 5E0
6.3681E1 7E0
6.3683E1 8E0
6.3685E1 6E0
6.3687E1 6E0
6.3689E1 5E0
6.3691E1 8E0
6.3693E1 7E0
6.3695E1 4E0
6.3697E1 1E1
6.3699E1 6E0
6.3701E1 7E0
6.3703E1 4E0
6.3705E1 9E0
6.3707E1 5E0
6.3709E1 4E0
6.3711E1 1E0
6.3713E1 6E0
6.3715E1 8E0
6.3717E1 5E0
6.3719E1 6E0
6.3721E1 3E0
6.3723E1 5E0
6.3725E1 9E0
6.3727E1 5E0
6.3729E1 5E0
6.3731E1 7E0
6.3733E1 3E0
6.3735E1 6E0
6.3737E1 6E0
6.3739E1 8E0
6.3741E1 5E0
6.3743E1 4E0
6.3745E1 9E0
6.3747E1 7E0
6.3749E1 6E0
6.3751E1 3E0
6.3753E1 8E0
6.3755E1 8E0
6.3757E1 5E0
6.3759E1 5E0
6.3761E1 6E0
6.3763E1 5E0
6.3765E1 6E0
6.3767E1 1E0
6.3769E1 7E0
6.3771E1 4E0
6.3773E1 2E0
6.3775E1 9E0
6.3777E1 6E0
6.3779E1 3E0
6.3781E1 4E0
6.3783E1 7E0
6.3785E1 1.2E1
6.3787E1 8E0
6.3789E1 4E0
6.3791E1 7E0
6.3793E1 1.1E1
6.3795E1 7E0
6.3797E1 7E0
6.3799E1 9E0
6.3801E1 3E0
6.3803E1 7E0
6.3805E1 3E0
6.3807E1 9E0
6.3809E1 6E0
6.3811E1 5E0
6.3813E1 8E0
6.3815E1 6E0
6.3817E1 1E1
6.3819E1 9E0
6.3821E1 7E0
6.3823E1 4E0
6.3825E1 3E0
6.3827E1 1.1E1
6.3829E1 5E0
6.3831E1 5E0
6.3833E1 4E0
6.3835E1 1.2E1
6.3837E1 4E0
6.3839E1 3E0
6.3841E1 8E0
6.3843E1 1E1
6.3845E1 7E0
6.3847E1 6E0
6.3849E1 8E0
6.3851E1 1.7E1
6.3853E1 9E0
6.3855E1 8E0
6.3857E1 8E0
6.3859E1 5E0
6.3861E1 9E0
6.3863E1 7E0
6.3865E1 2E0
6.3867E1 5E0
6.3869E1 7E0
6.3871E1 6E0
6.3873E1 5E0
6.3875E1 4E0
6.3877E1 3E0
6.3879E1 9E0
6.3881E1 5E0
6.3883E1 1E1
6.3885E1 5E0
6.3887E1 6E0
6.3889E1 4E0
6.3891E1 1.3E1
6.3893E1 1E1
6.3895E1 8E0
6.3897E1 6E0
6.3899E1 1.2E1
6.3901E1 1.4E1
6.3903E1 1.3E1
6.3905E1 7E0
6.3907E1 7E0
6.3909E1 7E0
6.3911E1 9E0
6.3913E1 6E0
6.3915E1 1.1E1
6.3917E1 9E0
6.3919E1 1E1
6.3921E1 8E0
6.3923E1 1.3E1
6.3925E1 6E0
6.3927E1 7E0
6.3929E1 9E0
6.3931E1 5E0
6.3933E1 6E0
6.3935E1 7E0
6.3937E1 4E0
6.3939E1 6E0
6.3941E1 6E0
6.3943E1 7E0
6.3945E1 1.1E1
6.3947E1 1E1
6.3949E1 5E0
6.3951E1 1.1E1
6.3953E1 8E0
6.3955E1 7E0
6.3957E1 1.3E1
6.3959E1 1E1
6.3961E1 1.3E1
6.3963E1 7E0
6.3965E1 8E0
6.3967E1 8E0
6.3969E1 8E0
6.3971E1 5E0
6.3973E1 1E1
6.3975E1 1E1
6.3977E1 7E0
6.3979E1 6E0
6.3981E1 9E0
6.3983E1 8E0
6.3985E1 9E0
6.3987E1 8E0
6.3989E1 5E0
6.3991E1 8E0
6.3993E1 6E0
6.3995E1 1.3E1
6.3997E1 1.4E1
6.3999E1 4E0
6.4001E1 1E1
6.4003E1 1.1E1
6.4005E1 5E0
6.4007E1 9E0
6.4009E1 6E0
6.4011E1 1.5E1
6.4013E1 9E0
6.4015E1 1.6E1
6.4017E1 7E0
6.4019E1 9E0
6.4021E1 5E0
6.4023E1 6E0
6.4025E1 5E0
6.4027E1 6E0
6.4029E1 1.1E1
6.4031E1 1E1
6.4033E1 1.1E1
6.4035E1 8E0
6.4037E1 1.4E1
6.4039E1 9E0
6.4041E1 1E1
6.4043E1 1.2E1
6.4045E1 1.1E1
6.4047E1 9E0
6.4049E1 9E0
6.4051E1 1.4E1
6.4053E1 1.1E1
6.4055E1 1.2E1
6.4057E1 1.4E1
6.4059E1 1E1
6.4061E1 1.2E1
6.4063E1 1.2E1
6.4065E1 1E1
6.4067E1 1.3E1
6.4069E1 8E0
6.4071E1 1E1
6.4073E1 1.5E1
6.4075E1 8E0
6.4077E1 1.7E1
6.4079E1 8E0
6.4081E1 8E0
6.4083E1 1.1E1
6.4085E1 8E0
6.4087E1 9E0
6.4089E1 1.1E1
6.4091E1 8E0
6.4093E1 8E0
6.4095E1 9E0
6.4097E1 7E0
6.4099E1 1E1
6.4101E1 1.4E1
6.4103E1 1.4E1
6.4105E1 9E0
6.4107E1 1.3E1
6.4109E1 1.4E1
6.4111E1 1.3E1
6.4113E1 1.2E1
6.4115E1 9E0
6.4117E1 1.5E1
6.4119E1 1.5E1
6.4121E1 1.3E1
6.4123E1 6E0
6.4125E1 6E0
6.4127E1 8E0
6.4129E1 4E0
6.4131E1 3E0
6.4133E1 1.4E1
6.4135E1 1E1
6.4137E1 7E0
6.4139E1 1.8E1
6.4141E1 3E0
6.4143E1 9E0
6.4145E1 1E1
6.4147E1 7E0
6.4149E1 1.3E1
6.4151E1 1.5E1
6.4153E1 1.3E1
6.4155E1 9E0
6.4157E1 1.9E1
6.4159E1 1.4E1
6.4161E1 2.2E1
6.4163E1 1E1
6.4165E1 1E1
6.4167E1 8E0
6.4169E1 8E0
6.4171E1 1.4E1
6.4173E1 1.4E1
6.4175E1 8E0
6.4177E1 1.4E1
6.4179E1 1.2E1
6.4181E1 3E0
6.4183E1 7E0
6.4185E1 1.5E1
6.4187E1 8E0
6.4189E1 7E0
6.4191E1 1.7E1
6.4193E1 1.1E1
6.4195E1 9E0
6.4197E1 8E0
6.4199E1 1.2E1
6.4201E1 1.4E1
6.4203E1 1.7E1
6.4205E1 1.3E1
6.4207E1 1.3E1
6.4209E1 1.3E1
6.4211E1 1.2E1
6.4213E1 1.4E1
6.4215E1 1.5E1
6.4217E1 1.5E1
6.4219E1 1.3E1
6.4221E1 1.5E1
6.4223E1 1.2E1
6.4225E1 9E0
6.4227E1 1.1E1
6.4229E1 9E0
6.4231E1 6E0
6.4233E1 7E0
6.4235E1 6E0
6.4237E1 1E1
6.4239E1 6E0
6.4241E1 1.3E1
6.4243E1 5E0
6.4245E1 5E0
6.4247E1 1.5E1
6.4249E1 1.7E1
6.4251E1 1.1E1
6.4253E1 1.8E1
6.4255E1 9E0
6.4257E1 1E1
6.4259E1 1.4E1
6.4261E1 2.4E1
6.4263E1 1.6E1
6.4265E1 1.6E1
6.4267E1 1.2E1
6.4269E1 1.2E1
6.4271E1 1.8E1
6.4273E1 1.9E1
6.4275E1 1.1E1
6.4277E1 1.8E1
6.4279E1 1.6E1
6.4281E1 1.3E1
6.4283E1 1.2E1
6.4285E1 1.5E1
6.4287E1 2E0
6.4289E1 1.1E1
6.4291E1 1.3E1
6.4293E1 1.2E1
6.4295E1 1.2E1
6.4297E1 5E0
6.4299E1 5E0
6.4301E1 9E0
6.4303E1 1.1E1
6.4305E1 1.2E1
6.4307E1 1.4E1
6.4309E1 1.2E1
6.4311E1 1.4E1
6.4313E1 1.3E1
6.4315E1 1.4E1
6.4317E1 1.5E1
6.4319E1 2E1
6.4321E1 1.8E1
6.4323E1 1.2E1
6.4325E1 1.6E1
6.4327E1 1.5E1
6.4329E1 1.1E1
6.4331E1 1.7E1
6.4333E1 1.6E1
6.4335E1 8E0
6.4337E1 1.3E1
6.4339E1 1E1
6.4341E1 9E0
6.4343E1 9E0
6.4345E1 5E0
6.4347E1 6E0
6.4349E1 7E0
6.4351E1 1.2E1
6.4353E1 1.1E1
6.4355E1 1.5E1
6.4357E1 1.1E1
6.4359E1 1.5E1
6.4361E1 1.7E1
6.4363E1 1.8E1
6.4365E1 2E1
6.4367E1 1.8E1
6.4369E1 1.6E1
6.4371E1 1.9E1
6.4373E1 2.3E1
6.4375E1 1.6E1
6.4377E1 1.4E1
6.4379E1 1.7E1
6.4381E1 1.8E1
6.4383E1 1.4E1
6.4385E1 1.4E1
6.4387E1 1.4E1
6.4389E1 1.5E1
6.4391E1 9E0
6.4393E1 1.3E1
6.4395E1 1.1E1
6.4397E1 1.1E1
6.4399E1 8E0
6.4401E1 1.3E1
6.4403E1 7E0
6.4405E1 1.5E1
6.4407E1 1.3E1
6.4409E1 1.5E1
6.4411E1 1.8E1
6.4413E1 1.6E1
6.4415E1 2.4E1
6.4417E1 1.4E1
6.4419E1 2.2E1
6.4421E1 2.1E1
6.4423E1 2.2E1
6.4425E1 8E0
6.4427E1 2E1
6.4429E1 1.7E1
6.4431E1 1.7E1
6.4433E1 1.6E1
6.4435E1 1.4E1
6.4437E1 1.9E1
6.4439E1 1.1E1
6.4441E1 6E0
6.4443E1 1.4E1
6.4445E1 1.7E1
6.4447E1 9E0
6.4449E1 1.1E1
6.4451E1 9E0
6.4453E1 2.2E1
6.4455E1 1.7E1
6.4457E1 2.4E1
6.4459E1 1.3E1
6.4461E1 1.6E1
6.4463E1 1.7E1
6.4465E1 2.7E1
6.4467E1 2.8E1
6.4469E1 1.8E1
6.4471E1 2.2E1
6.4473E1 1.7E1
6.4475E1 2.2E1
6.4477E1 1.1E1
6.4479E1 2.3E1
6.4481E1 1.5E1
6.4483E1 1.3E1
6.4485E1 2E1
6.4487E1 1.5E1
6.4489E1 1.8E1
6.4491E1 8E0
6.4493E1 1.4E1
6.4495E1 1.8E1
6.4497E1 1.3E1
6.4499E1 1.5E1
6.4501E1 1.3E1
6.4503E1 1.7E1
6.4505E1 1.4E1
6.4507E1 1.2E1
6.4509E1 1.7E1
6.4511E1 1.7E1
6.4513E1 1.2E1
6.4515E1 2.1E1
6.4517E1 2.1E1
6.4519E1 2.3E1
6.4521E1 2.8E1
6.4523E1 2.6E1
6.4525E1 2.6E1
6.4527E1 2.8E1
6.4529E1 1.8E1
6.4531E1 1.3E1
6.4533E1 1.1E1
6.4535E1 1.7E1
6.4537E1 2E1
6.4539E1 9E0
6.4541E1 1.1E1
6.4543E1 1.3E1
6.4545E1 1.4E1
6.4547E1 2E1
6.4549E1 9E0
6.4551E1 1.1E1
6.4553E1 2E1
6.4555E1 1.4E1
6.4557E1 1.4E1
6.4559E1 1.1E1
6.4561E1 1.7E1
6.4563E1 1E1
6.4565E1 1.9E1
6.4567E1 1.6E1
6.4569E1 2.5E1
6.4571E1 2.1E1
6.4573E1 3.5E1
6.4575E1 1.7E1
6.4577E1 3.4E1
6.4579E1 2.1E1
6.4581E1 2.6E1
6.4583E1 3.4E1
6.4585E1 1.9E1
6.4587E1 2.4E1
6.4589E1 1.9E1
6.4591E1 2.4E1
6.4593E1 2E1
6.4595E1 1.4E1
6.4597E1 1.5E1
6.4599E1 1E1
6.4601E1 1.4E1
6.4603E1 1.3E1
6.4605E1 2.1E1
6.4607E1 2.2E1
6.4609E1 1.4E1
6.4611E1 2.6E1
6.4613E1 2.2E1
6.4615E1 1.2E1
6.4617E1 1.6E1
6.4619E1 2E1
6.4621E1 2E1
6.4623E1 3.1E1
6.4625E1 2.8E1
6.4627E1 3.7E1
6.4629E1 2E1
6.4631E1 2.6E1
6.4633E1 3E1
6.4635E1 4.5E1
6.4637E1 3.4E1
6.4639E1 1.5E1
6.4641E1 1.8E1
6.4643E1 1.9E1
6.4645E1 1.8E1
6.4647E1 2.1E1
6.4649E1 1.8E1
6.4651E1 8E0
6.4653E1 2E1
6.4655E1 1.5E1
6.4657E1 1.7E1
6.4659E1 1.7E1
6.4661E1 1.9E1
6.4663E1 2E1
6.4665E1 2.3E1
6.4667E1 2.2E1
6.4669E1 2.4E1
6.4671E1 2.8E1
6.4673E1 2.7E1
6.4675E1 3.1E1
6.4677E1 3.4E1
6.4679E1 2.8E1
6.4681E1 3.5E1
6.4683E1 3.4E1
6.4685E1 3.2E1
6.4687E1 3.4E1
6.4689E1 2.2E1
6.4691E1 3.7E1
6.4693E1 3.3E1
6.4695E1 2.9E1
6.4697E1 1.3E1
6.4699E1 2E1
6.4701E1 2E1
6.4703E1 1.9E1
6.4705E1 1.6E1
6.4707E1 2.6E1
6.4709E1 1.9E1
6.4711E1 2.2E1
6.4713E1 2.3E1
6.4715E1 1.7E1
6.4717E1 2.5E1
6.4719E1 3E1
6.4721E1 1.8E1
6.4723E1 2.9E1
6.4725E1 4.9E1
6.4727E1 4.1E1
6.4729E1 4.5E1
6.4731E1 4.1E1
6.4733E1 3.7E1
6.4735E1 3.6E1
6.4737E1 3.5E1
6.4739E1 3E1
6.4741E1 3.2E1
6.4743E1 2.6E1
6.4745E1 2.3E1
6.4747E1 2.1E1
6.4749E1 2.1E1
6.4751E1 1.8E1
6.4753E1 2.1E1
6.4755E1 1.7E1
6.4757E1 1.6E1
6.4759E1 1.2E1
6.4761E1 1.9E1
6.4763E1 2E1
6.4765E1 1.4E1
6.4767E1 3.1E1
6.4769E1 3.2E1
6.4771E1 2.7E1
6.4773E1 2.8E1
6.4775E1 3.8E1
6.4777E1 3.2E1
6.4779E1 4.6E1
6.4781E1 4.6E1
6.4783E1 5E1
6.4785E1 4.2E1
6.4787E1 4.7E1
6.4789E1 5.7E1
6.4791E1 4.8E1
6.4793E1 3.4E1
6.4795E1 3.7E1
6.4797E1 4.8E1
6.4799E1 2.8E1
6.4801E1 2.5E1
6.4803E1 2.4E1
6.4805E1 2.6E1
6.4807E1 2.2E1
6.4809E1 2.1E1
6.4811E1 2.2E1
6.4813E1 2E1
6.4815E1 2.5E1
6.4817E1 2.3E1
6.4819E1 2.8E1
6.4821E1 3E1
6.4823E1 4E1
6.4825E1 5.7E1
6.4827E1 4.9E1
6.4829E1 5.5E1
6.4831E1 5.2E1
6.4833E1 3.9E1
6.4835E1 7E1
6.4837E1 5.5E1
6.4839E1 5.8E1
6.4841E1 5.5E1
6.4843E1 5.8E1
6.4845E1 5.8E1
6.4847E1 4.4E1
6.4849E1 3.2E1
6.4851E1 4.4E1
6.4853E1 3.5E1
6.4855E1 3.5E1
6.4857E1 2.6E1
6.4859E1 1.7E1
6.4861E1 2.3E1
6.4863E1 2.8E1
6.4865E1 2.5E1
6.4867E1 2.3E1
6.4869E1 2.7E1
6.4871E1 2.9E1
6.4873E1 4.8E1
6.4875E1 3.8E1
6.4877E1 6.3E1
6.4879E1 7E1
6.4881E1 5E1
6.4883E1 6E1
6.4885E1 8.2E1
6.4887E1 6.2E1
6.4889E1 7.3E1
6.4891E1 7.5E1
6.4893E1 7E1
6.4895E1 6.3E1
6.4897E1 7E1
6.4899E1 4.4E1
6.4901E1 4.9E1
6.4903E1 4.6E1
6.4905E1 4.5E1
6.4907E1 3.3E1
6.4909E1 3.1E1
6.4911E1 3E1
6.4913E1 2E1
6.4915E1 3.3E1
6.4917E1 1.9E1
6.4919E1 3.2E1
6.4921E1 3E1
6.4923E1 5.2E1
6.4925E1 3.7E1
6.4927E1 5.1E1
6.4929E1 5E1
6.4931E1 5.7E1
6.4933E1 8.7E1
6.4935E1 8E1
6.4937E1 9.3E1
6.4939E1 7.3E1
6.4941E1 8.3E1
6.4943E1 8.5E1
6.4945E1 9.5E1
6.4947E1 7.2E1
6.4949E1 7.3E1
6.4951E1 7E1
6.4953E1 6.2E1
6.4955E1 6.6E1
6.4957E1 4.2E1
6.4959E1 4.5E1
6.4961E1 3.8E1
6.4963E1 2.5E1
6.4965E1 3.1E1
6.4967E1 2.8E1
6.4969E1 2.8E1
6.4971E1 3.2E1
6.4973E1 4.4E1
6.4975E1 3.7E1
6.4977E1 5.1E1
6.4979E1 5.2E1
6.4981E1 7E1
6.4983E1 8.7E1
6.4985E1 1.09E2
6.4987E1 1.05E2
6.4989E1 1.02E2
6.4991E1 1.19E2
6.4993E1 1.07E2
6.4995E1 1.26E2
6.4997E1 1.11E2
6.4999E1 1.07E2
6.5001E1 8.8E1
6.5003E1 8.3E1
6.5005E1 8.1E1
6.5007E1 6.8E1
6.5009E1 6E1
6.5011E1 5.7E1
6.5013E1 4.4E1
6.5015E1 3.5E1
6.5017E1 3.2E1
6.5019E1 2.9E1
6.5021E1 3.6E1
6.5023E1 2.6E1
6.5025E1 4.8E1
6.5027E1 6.1E1
6.5029E1 6E1
6.5031E1 7.9E1
6.5033E1 9.5E1
6.5035E1 9.6E1
6.5037E1 1.29E2
6.5039E1 1.42E2
6.5041E1 1.55E2
6.5043E1 1.4E2
6.5045E1 1.29E2
6.5047E1 1.47E2
6.5049E1 1.34E2
6.5051E1 1.53E2
6.5053E1 1.17E2
6.5055E1 1.08E2
6.5057E1 9.7E1
6.5059E1 7.2E1
6.5061E1 7.5E1
6.5063E1 7.1E1
6.5065E1 5.6E1
6.5067E1 5.1E1
6.5069E1 3.7E1
6.5071E1 4.5E1
6.5073E1 3.9E1
6.5075E1 3.5E1
6.5077E1 5.1E1
6.5079E1 4.7E1
6.5081E1 7E1
6.5083E1 1.11E2
6.5085E1 1.36E2
6.5087E1 1.57E2
6.5089E1 1.62E2
6.5091E1 1.72E2
6.5093E1 1.79E2
6.5095E1 1.86E2
6.5097E1 2.04E2
6.5099E1 1.94E2
6.5101E1 1.83E2
6.5103E1 2E2
6.5105E1 1.82E2
6.5107E1 1.48E2
6.5109E1 1.67E2
6.5111E1 1.29E2
6.5113E1 8.3E1
6.5115E1 1.01E2
6.5117E1 6.1E1
6.5119E1 4.4E1
6.5121E1 5.7E1
6.5123E1 4.1E1
6.5125E1 4.8E1
6.5127E1 6.3E1
6.5129E1 6.9E1
6.5131E1 7.8E1
6.5133E1 8.5E1
6.5135E1 1.41E2
6.5137E1 1.55E2
6.5139E1 1.86E2
6.5141E1 2.09E2
6.5143E1 2.76E2
6.5145E1 2.81E2
6.5147E1 3.03E2
6.5149E1 2.98E2
6.5151E1 2.53E2
6.5153E1 2.63E2
6.5155E1 2.85E2
6.5157E1 2.59E2
6.5159E1 2.51E2
6.5161E1 2.09E2
6.5163E1 1.51E2
6.5165E1 1.66E2
6.5167E1 1.57E2
6.5169E1 1.11E2
6.5171E1 7.5E1
6.5173E1 5.6E1
6.5175E1 4.7E1
6.5177E1 5.1E1
6.5179E1 5.6E1
6.5181E1 7.7E1
6.5183E1 1.03E2
6.5185E1 1.3E2
6.5187E1 1.64E2
6.5189E1 2.08E2
6.5191E1 2.57E2
6.5193E1 2.66E2
6.5195E1 3.4E2
6.5197E1 3.38E2
6.5199E1 3.76E2
6.5201E1 3.91E2
6.5203E1 3.83E2
6.5205E1 4.36E2
6.5207E1 4.09E2
6.5209E1 3.78E2
6.5211E1 3.61E2
6.5213E1 3.15E2
6.5215E1 2.65E2
6.5217E1 2.03E2
6.5219E1 1.8E2
6.5221E1 1.5E2
6.5223E1 1.11E2
6.5225E1 8.2E1
6.5227E1 9.3E1
6.5229E1 7E1
6.5231E1 8.3E1
6.5233E1 1.05E2
6.5235E1 1.32E2
6.5237E1 1.86E2
6.5239E1 2.06E2
6.5241E1 2.8E2
6.5243E1 3.24E2
6.5245E1 3.89E2
6.5247E1 5.06E2
6.5249E1 5.23E2
6.5251E1 5.58E2
6.5253E1 6.24E2
6.5255E1 6.4E2
6.5257E1 6.86E2
6.5259E1 6.26E2
6.5261E1 5.58E2
6.5263E1 5.39E2
6.5265E1 5.46E2
6.5267E1 4.61E2
6.5269E1 3.92E2
6.5271E1 3.03E2
6.5273E1 2.34E2
6.5275E1 1.92E2
6.5277E1 1.53E2
6.5279E1 1.1E2
6.5281E1 9.5E1
6.5283E1 1.12E2
6.5285E1 1.37E2
6.5287E1 2.06E2
6.5289E1 2.38E2
6.5291E1 3.29E2
6.5293E1 4.48E2
6.5295E1 5.52E2
6.5297E1 6.53E2
6.5299E1 7.38E2
6.5301E1 8.58E2
6.5303E1 1.008E3
6.5305E1 1.121E3
6.5307E1 1.173E3
6.5309E1 1.102E3
6.5311E1 1.078E3
6.5313E1 1.029E3
6.5315E1 1.025E3
6.5317E1 9.25E2
6.5319E1 8.87E2
6.5321E1 6.97E2
6.5323E1 5.66E2
6.5325E1 5.23E2
6.5327E1 3.81E2
6.5329E1 3.28E2
6.5331E1 2.25E2
6.5333E1 1.82E2
6.5335E1 1.98E2
6.5337E1 2.34E2
6.5339E1 2.86E2
6.5341E1 4.17E2
6.5343E1 5.83E2
6.5345E1 7.64E2
6.5347E1 1.054E3
6.5349E1 1.261E3
6.5351E1 1.407E3
6.5353E1 1.704E3
6.5355E1 1.952E3
6.5357E1 2.136E3
6.5357E1 2.87E2
6.5359E1 2.86E2
6.5361E1 3.14E2
6.5363E1 3.23E2
6.5365E1 3.25E2
6.5367E1 2.94E2
6.5369E1 2.7E2
6.5371E1 2.6E2
6.5373E1 2.08E2
6.5375E1 1.88E2
6.5377E1 1.42E2
6.5379E1 1.31E2
6.5381E1 9.4E1
6.5383E1 6E1
6.5385E1 6.4E1
6.5387E1 5.7E1
6.5389E1 5.8E1
6.5391E1 7.8E1
6.5393E1 1.2E2
6.5395E1 1.84E2
6.5397E1 2.6E2
6.5399E1 3.15E2
6.5401E1 4.53E2
6.5403E1 5.24E2
6.5405E1 5.96E2
6.5407E1 7.5E2
6.5409E1 7.28E2
6.5411E1 8.18E2
6.5413E1 8.88E2
6.5415E1 9.27E2
6.5417E1 9.3E2
6.5419E1 9.19E2
6.5421E1 8.99E2
6.5423E1 8.51E2
6.5425E1 8.19E2
6.5427E1 6.92E2
6.5429E1 5.9E2
6.5431E1 4.75E2
6.5433E1 3.33E2
6.5435E1 3.17E2
6.5437E1 2.48E2
6.5439E1 2.26E2
6.5441E1 2.85E2
6.5443E1 4.25E2
6.5445E1 6.04E2
6.5447E1 1.019E3
6.5449E1 1.323E3
6.5451E1 1.873E3
6.5453E1 2.553E3
6.5455E1 3.169E3
6.5457E1 4.207E3
6.5459E1 4.936E3
6.5461E1 6.074E3
6.5463E1 7.205E3
6.5465E1 8.567E3
6.5467E1 1.0153E4
6.5469E1 1.0711E4
6.5471E1 1.1786E4
6.5473E1 1.3029E4
6.5475E1 1.4183E4
6.5477E1 1.5876E4
6.5479E1 1.6003E4
6.5481E1 1.7174E4
6.5483E1 1.8032E4
6.5485E1 1.8929E4
6.5487E1 1.9808E4
6.5489E1 1.93E4
6.5491E1 1.9199E4
6.5493E1 1.954E4
6.5495E1 1.9698E4
6.5497E1 1.9873E4
6.5499E1 1.8725E4
6.5501E1 1.8224E4
6.5503E1 1.774E4
6.5505E1 1.7451E4
6.5507E1 1.633E4
6.5509E1 1.4991E4
6.5511E1 1.3804E4
6.5513E1 1.2722E4
6.5515E1 1.17E4
6.5517E1 1.0913E4
6.5519E1 9.26E3
6.5521E1 8.029E3
6.5523E1 6.902E3
6.5525E1 5.99E3
6.5527E1 4.934E3
6.5529E1 3.873E3
6.5531E1 2.993E3
6.5533E1 2.225E3
6.5535E1 1.72E3
6.5537E1 1.223E3
6.5539E1 9E2
6.5541E1 6.56E2
6.5543E1 4.39E2
6.5545E1 3.63E2
6.5547E1 3.48E2
6.5549E1 3.97E2
6.5551E1 4.75E2
6.5553E1 5.81E2
6.5555E1 6.84E2
6.5557E1 8.98E2
6.5559E1 9.47E2
6.5561E1 1.007E3
6.5563E1 1.175E3
6.5565E1 1.263E3
6.5567E1 1.284E3
6.5569E1 1.199E3
6.5571E1 1.071E3
6.5573E1 1.045E3
6.5575E1 1.022E3
6.5577E1 8.96E2
6.5579E1 7.65E2
6.5581E1 6.44E2
6.5583E1 5.6E2
6.5585E1 4.81E2
6.5587E1 3.58E2
6.5589E1 2.25E2
6.5591E1 1.81E2
6.5593E1 1.14E2
6.5595E1 9.7E1
6.5597E1 7.5E1
6.5599E1 8E1
6.5601E1 1.13E2
6.5603E1 1.35E2
6.5605E1 1.99E2
6.5607E1 2.55E2
6.5609E1 2.76E2
6.5611E1 3.1E2
6.5613E1 3.9E2
6.5615E1 4.33E2
6.5617E1 4.57E2
6.5619E1 4.95E2
6.5621E1 4.75E2
6.5623E1 4.74E2
6.5625E1 4.5E2
6.5627E1 4.32E2
6.5629E1 3.64E2
6.5631E1 3.26E2
6.5633E1 2.86E2
6.5635E1 2.65E2
6.5637E1 2.16E2
6.5639E1 1.62E2
6.5641E1 1.26E2
6.5643E1 8.3E1
6.5645E1 5.9E1
6.5647E1 6.9E1
6.5649E1 4.6E1
6.5651E1 3.9E1
6.5653E1 4.5E1
6.5655E1 9.5E1
6.5657E1 1.17E2
6.5659E1 1.4E2
6.5661E1 1.55E2
6.5663E1 2.25E2
6.5665E1 2.05E2
6.5667E1 2.46E2
6.5669E1 2.72E2
6.5671E1 2.72E2
6.5673E1 2.78E2
6.5675E1 3E2
6.5677E1 2.48E2
6.5679E1 2.4E2
6.5681E1 2.48E2
6.5683E1 2.05E2
6.5685E1 2.06E2
6.5687E1 1.54E2
6.5689E1 1.44E2
6.5691E1 9.7E1
6.5693E1 8.2E1
6.5695E1 7.3E1
6.5697E1 4.9E1
6.5699E1 4.5E1
6.5701E1 3.6E1
6.5703E1 3.3E1
6.5705E1 4.6E1
6.5707E1 7.3E1
6.5709E1 9E1
6.5711E1 1.09E2
6.5713E1 1.21E2
6.5715E1 1.53E2
6.5717E1 1.67E2
6.5719E1 1.91E2
6.5721E1 1.91E2
6.5723E1 2.19E2
6.5725E1 2.38E2
6.5727E1 2.23E2
6.5729E1 2.37E2
6.5731E1 2.28E2
6.5733E1 1.72E2
6.5735E1 1.57E2
6.5737E1 1.63E2
6.5739E1 1.23E2
6.5741E1 1.05E2
6.5743E1 8E1
6.5745E1 7.7E1
6.5747E1 5.6E1
6.5749E1 3.9E1
6.5751E1 3.4E1
6.5753E1 4.1E1
6.5755E1 2.8E1
6.5757E1 2.9E1
6.5759E1 4.8E1
6.5761E1 5.6E1
6.5763E1 8.6E1
6.5765E1 1.01E2
6.5767E1 1.37E2
6.5769E1 1.36E2
6.5771E1 1.5E2
6.5773E1 1.89E2
6.5775E1 1.91E2
6.5777E1 1.65E2
6.5779E1 1.77E2
6.5781E1 1.84E2
6.5783E1 1.92E2
6.5785E1 1.63E2
6.5787E1 1.51E2
6.5789E1 1.45E2
6.5791E1 1.21E2
6.5793E1 1.1E2
6.5795E1 9E1
6.5797E1 7.7E1
6.5799E1 6.7E1
6.5801E1 5.8E1
6.5803E1 4.9E1
6.5805E1 5.7E1
6.5807E1 5.2E1
6.5809E1 6.2E1
6.5811E1 5.1E1
6.5813E1 5.6E1
6.5815E1 6.7E1
6.5817E1 9.4E1
6.5819E1 8.2E1
6.5821E1 1.44E2
6.5823E1 1.49E2
6.5825E1 1.54E2
6.5827E1 1.92E2
6.5829E1 1.81E2
6.5831E1 1.71E2
6.5833E1 1.76E2
6.5835E1 1.93E2
6.5837E1 1.66E2
6.5839E1 1.69E2
6.5841E1 1.38E2
6.5843E1 1.33E2
6.5845E1 1.01E2
6.5847E1 1.05E2
6.5849E1 8.7E1
6.5851E1 7.8E1
6.5853E1 6.7E1
6.5855E1 5.6E1
6.5857E1 4.4E1
6.5859E1 6.1E1
6.5861E1 7.2E1
6.5863E1 9E1
6.5865E1 9.2E1
6.5867E1 1.1E2
6.5869E1 1.09E2
6.5871E1 1.45E2
6.5873E1 1.58E2
6.5875E1 1.7E2
6.5877E1 1.81E2
6.5879E1 1.9E2
6.5881E1 1.69E2
6.5883E1 1.89E2
6.5885E1 1.84E2
6.5887E1 1.82E2
6.5889E1 1.81E2
6.5891E1 1.94E2
6.5893E1 1.95E2
6.5895E1 2E2
6.5897E1 1.5E2
6.5899E1 1.43E2
6.5901E1 1.19E2
6.5903E1 1.19E2
6.5905E1 1.25E2
6.5907E1 1.14E2
6.5909E1 1.02E2
6.5911E1 9E1
6.5913E1 1.02E2
6.5915E1 1E2
6.5917E1 1.31E2
6.5919E1 1.39E2
6.5921E1 1.57E2
6.5923E1 2.03E2
6.5925E1 1.79E2
6.5927E1 2.2E2
6.5929E1 2.41E2
6.5931E1 2.95E2
6.5933E1 2.76E2
6.5935E1 2.9E2
6.5937E1 3E2
6.5939E1 2.76E2
6.5941E1 2.62E2
6.5943E1 2.61E2
6.5945E1 2.67E2
6.5947E1 2.51E2
6.5949E1 2.41E2
6.5951E1 2.54E2
6.5953E1 2.14E2
6.5955E1 2.13E2
6.5957E1 2.03E2
6.5959E1 2.22E2
6.5961E1 1.97E2
6.5963E1 2.29E2
6.5965E1 2.54E2
6.5967E1 2.9E2
6.5969E1 3.02E2
6.5971E1 3.18E2
6.5973E1 3.4E2
6.5975E1 3.77E2
6.5977E1 4.53E2
6.5979E1 4.18E2
6.5981E1 4.85E2
6.5983E1 5.69E2
6.5985E1 5.33E2
6.5987E1 6.15E2
6.5989E1 5.7E2
6.5991E1 6.37E2
6.5993E1 6.32E2
6.5995E1 6.68E2
6.5997E1 7.55E2
6.5999E1 6.87E2
6.6001E1 7.1E2
6.6003E1 7.42E2
6.6005E1 7.7E2
6.6007E1 7.97E2
6.6009E1 8.04E2
6.6011E1 8.18E2
6.6013E1 9.01E2
6.6015E1 9.89E2
6.6017E1 1.075E3
6.6019E1 1.175E3
6.6021E1 1.325E3
6.6023E1 1.525E3
6.6025E1 1.693E3
6.6027E1 2.04E3
6.6029E1 2.291E3
6.6031E1 2.675E3
6.6033E1 3.361E3
6.6035E1 3.933E3
6.6037E1 5.079E3
6.6039E1 6.243E3
6.6041E1 8.465E3
6.6043E1 1.1915E4
6.6045E1 1.5993E4
6.6047E1 2.3736E4
6.6049E1 4.0705E4
6.6051E1 6.8526E4
6.6053E1 1.2089E5
6.6055E1 1.936E5
6.6057E1 3.3383E5
6.6059E1 4.2179E5
6.6061E1 4.813E5
6.6063E1 4.6859E5
6.6065E1 3.9655E5
6.6067E1 2.8662E5
6.6069E1 1.9492E5
6.6071E1 1.042E5
6.6073E1 6.2161E4
6.6075E1 3.5213E4
6.6077E1 1.8062E4
6.6079E1 9.675E3
6.6081E1 6.271E3
6.6083E1 4.438E3
6.6085E1 3.592E3
6.6087E1 3.019E3
6.6089E1 2.323E3
6.6091E1 1.978E3
6.6093E1 1.786E3
6.6095E1 1.66E3
6.6097E1 1.457E3
6.6099E1 1.256E3
6.6101E1 1.088E3
6.6103E1 1.022E3
6.6105E1 9.51E2
6.6107E1 9.16E2
6.6109E1 7.5E2
6.6111E1 6.5E2
6.6113E1 6.44E2
6.6115E1 6.5E2
6.6117E1 6.1E2
6.6119E1 5.29E2
6.6121E1 5.05E2
6.6123E1 4.66E2
6.6125E1 4.88E2
6.6127E1 4.35E2
6.6129E1 3.92E2
6.6131E1 3.61E2
6.6133E1 3.15E2
6.6135E1 3.07E2
6.6137E1 2.54E2
6.6139E1 2.37E2
6.6141E1 2.12E2
6.6143E1 1.91E2
6.6145E1 1.7E2
6.6147E1 1.67E2
6.6149E1 1.49E2
6.6151E1 1.38E2
6.6153E1 1.47E2
6.6155E1 1.5E2
6.6157E1 1.57E2
6.6159E1 1.54E2
6.6161E1 1.47E2
6.6163E1 1.7E2
6.6165E1 1.74E2
6.6167E1 2.03E2
6.6169E1 1.45E2
6.6171E1 1.45E2
6.6173E1 1.79E2
6.6175E1 1.67E2
6.6177E1 1.44E2
6.6179E1 1.3E2
6.6181E1 8.7E1
6.6183E1 8.2E1
6.6185E1 9.2E1
6.6187E1 8.6E1
6.6189E1 9E1
6.6191E1 6E1
6.6193E1 7.6E1
6.6195E1 5.3E1
6.6197E1 6.1E1
6.6199E1 3.3E1
6.6201E1 4.9E1
6.6203E1 4.2E1
6.6205E1 6.1E1
6.6207E1 6.2E1
6.6209E1 6.3E1
6.6211E1 4.6E1
6.6213E1 5E1
6.6215E1 4.1E1
6.6217E1 6.1E1
6.6219E1 5.6E1
6.6221E1 6.6E1
6.6223E1 6.9E1
6.6225E1 7E1
6.6227E1 7.2E1
6.6229E1 6.9E1
6.6231E1 5.8E1
6.6233E1 3.9E1
6.6235E1 3.7E1
6.6237E1 4.4E1
6.6239E1 2.8E1
6.6241E1 2E1
6.6243E1 2.1E1
6.6245E1 2.9E1
6.6247E1 2.3E1
6.6249E1 1.3E1
6.6251E1 1.3E1
6.6253E1 1.9E1
6.6255E1 2.4E1
6.6257E1 2.3E1
6.6257E1 1.49E2
6.6259E1 1.87E2
6.6261E1 1.84E2
6.6263E1 1.89E2
6.6265E1 1.88E2
6.6267E1 2.45E2
6.6269E1 2.34E2
6.6271E1 2.57E2
6.6273E1 2.5E2
6.6275E1 2.37E2
6.6277E1 2.91E2
6.6279E1 2.78E2
6.6281E1 2.69E2
6.6283E1 2.46E2
6.6285E1 2.51E2
6.6287E1 2.26E2
6.6289E1 1.73E2
6.6291E1 1.73E2
6.6293E1 1.48E2
6.6295E1 1.3E2
6.6297E1 1.16E2
6.6299E1 9.6E1
6.6301E1 7.2E1
6.6303E1 6.2E1
6.6305E1 6.2E1
6.6307E1 5.8E1
6.6309E1 6.6E1
6.6311E1 6.6E1
6.6313E1 7.4E1
6.6315E1 1.1E2
6.6317E1 9.4E1
6.6319E1 1.24E2
6.6321E1 1.2E2
6.6323E1 1.47E2
6.6325E1 1.55E2
6.6327E1 1.71E2
6.6329E1 1.64E2
6.6331E1 1.64E2
6.6333E1 1.64E2
6.6335E1 1.56E2
6.6337E1 1.58E2
6.6339E1 1.29E2
6.6341E1 1.29E2
6.6343E1 1.09E2
6.6345E1 9.5E1
6.6347E1 7.8E1
6.6349E1 6E1
6.6351E1 5.3E1
6.6353E1 4.5E1
6.6355E1 3.5E1
6.6357E1 3.1E1
6.6359E1 3.2E1
6.6361E1 3.9E1
6.6363E1 4.9E1
6.6365E1 5.3E1
6.6367E1 5.2E1
6.6369E1 7.8E1
6.6371E1 8.9E1
6.6373E1 9.4E1
6.6375E1 9.7E1
6.6377E1 1.2E2
6.6379E1 1.13E2
6.6381E1 1.29E2
6.6383E1 1.1E2
6.6385E1 1.06E2
6.6387E1 1.23E2
6.6389E1 9.7E1
6.6391E1 7.1E1
6.6393E1 8.7E1
6.6395E1 6.9E1
6.6397E1 7.1E1
6.6399E1 5.9E1
6.6401E1 5.7E1
6.6403E1 3.7E1
6.6405E1 2.3E1
6.6407E1 2.7E1
6.6409E1 4.4E1
6.6411E1 2.5E1
6.6413E1 3.3E1
6.6415E1 2.3E1
6.6417E1 3.9E1
6.6419E1 4.7E1
6.6421E1 5.8E1
6.6423E1 4.3E1
6.6425E1 6.5E1
6.6427E1 6.5E1
6.6429E1 8.1E1
6.6431E1 7.7E1
6.6433E1 7.2E1
6.6435E1 8.7E1
6.6437E1 8.1E1
6.6439E1 9.6E1
6.6441E1 7E1
6.6443E1 7E1
6.6445E1 5.6E1
6.6447E1 6.4E1
6.6449E1 4.2E1
6.6451E1 4E1
6.6453E1 3.4E1
6.6455E1 3E1
6.6457E1 2E1
6.6459E1 2.3E1
6.6461E1 1.8E1
6.6463E1 2.3E1
6.6465E1 2.7E1
6.6467E1 2.2E1
6.6469E1 2.5E1
6.6471E1 3.1E1
6.6473E1 3.5E1
6.6475E1 4.1E1
6.6477E1 4E1
6.6479E1 4.1E1
6.6481E1 6.2E1
6.6483E1 6E1
6.6485E1 5.7E1
6.6487E1 7.1E1
6.6489E1 7.1E1
6.6491E1 5.7E1
6.6493E1 6.1E1
6.6495E1 5.9E1
6.6497E1 5.4E1
6.6499E1 5.2E1
6.6501E1 4.3E1
6.6503E1 3.4E1
6.6505E1 3.5E1
6.6507E1 2.7E1
6.6509E1 2.3E1
6.6511E1 1.3E1
6.6513E1 1.7E1
6.6515E1 1.5E1
6.6517E1 1E1
6.6519E1 1.4E1
6.6521E1 1.9E1
6.6523E1 2.1E1
6.6525E1 2.6E1
6.6527E1 3E1
6.6529E1 2E1
6.6531E1 3.2E1
6.6533E1 3.7E1
6.6535E1 4.7E1
6.6537E1 3.6E1
6.6539E1 3.5E1
6.6541E1 5.6E1
6.6543E1 5.4E1
6.6545E1 4.1E1
6.6547E1 4.9E1
6.6549E1 3.6E1
6.6551E1 3.8E1
6.6553E1 2.7E1
6.6555E1 3.2E1
6.6557E1 2.6E1
6.6559E1 1.8E1
6.6561E1 1.5E1
6.6563E1 1.8E1
6.6565E1 9E0
6.6567E1 1.1E1
6.6569E1 1.4E1
6.6571E1 1E1
6.6573E1 1.5E1
6.6575E1 1.3E1
6.6577E1 2E1
6.6579E1 1.2E1
6.6581E1 3.4E1
6.6583E1 3.1E1
6.6585E1 3.6E1
6.6587E1 5E1
6.6589E1 2.5E1
6.6591E1 3.4E1
6.6593E1 3.3E1
6.6595E1 3.3E1
6.6597E1 4.4E1
6.6599E1 3.1E1
6.6601E1 2.6E1
6.6603E1 2.9E1
6.6605E1 3.1E1
6.6607E1 3.1E1
6.6609E1 2.2E1
6.6611E1 2.6E1
6.6613E1 1.2E1
6.6615E1 9E0
6.6617E1 9E0
6.6619E1 1.3E1
6.6621E1 2.4E1
6.6623E1 9E0
6.6625E1 6E0
6.6627E1 8E0
6.6629E1 1.4E1
6.6631E1 2E1
6.6633E1 2.4E1
6.6635E1 2.5E1
6.6637E1 2.3E1
6.6639E1 3E1
6.6641E1 3.3E1
6.6643E1 2.7E1
6.6645E1 3.5E1
6.6647E1 3E1
6.6649E1 3E1
6.6651E1 3E1
6.6653E1 3.2E1
6.6655E1 2.8E1
6.6657E1 3.2E1
6.6659E1 2.3E1
6.6661E1 2.1E1
6.6663E1 2E1
6.6665E1 1E1
6.6667E1 2E1
6.6669E1 8E0
6.6671E1 1E1
6.6673E1 1.6E1
6.6675E1 7E0
6.6677E1 1E1
6.6679E1 1.2E1
6.6681E1 1.4E1
6.6683E1 1.6E1
6.6685E1 1.7E1
6.6687E1 1.3E1
6.6689E1 2.9E1
6.6691E1 2.1E1
6.6693E1 2E1
6.6695E1 2.6E1
6.6697E1 2.5E1
6.6699E1 3.2E1
6.6701E1 2.7E1
6.6703E1 2.3E1
6.6705E1 3.1E1
6.6707E1 2.5E1
6.6709E1 2.5E1
6.6711E1 2.2E1
6.6713E1 7E0
6.6715E1 1.2E1
6.6717E1 1E1
6.6719E1 1.1E1
6.6721E1 1E1
6.6723E1 1E1
6.6725E1 1.4E1
6.6727E1 8E0
6.6729E1 1.3E1
6.6731E1 1E1
6.6733E1 1.4E1
6.6735E1 9E0
6.6737E1 2.1E1
6.6739E1 1.6E1
6.6741E1 1.4E1
6.6743E1 1.5E1
6.6745E1 2.4E1
6.6747E1 3E1
6.6749E1 2E1
6.6751E1 3.4E1
6.6753E1 2.6E1
6.6755E1 1.6E1
6.6757E1 3.3E1
6.6759E1 3.3E1
6.6761E1 2.6E1
6.6763E1 2E1
6.6765E1 1.3E1
6.6767E1 1.7E1
6.6769E1 1.9E1
6.6771E1 8E0
6.6773E1 1E1
6.6775E1 1.1E1
6.6777E1 1.2E1
6.6779E1 1.2E1
6.6781E1 1.2E1
6.6783E1 1.6E1
6.6785E1 1E1
6.6787E1 1E1
6.6789E1 1.3E1
6.6791E1 1.8E1
6.6793E1 1.6E1
6.6795E1 1.8E1
6.6797E1 1.7E1
6.6799E1 2.9E1
6.6801E1 2.5E1
6.6803E1 1.8E1
6.6805E1 2.1E1
6.6807E1 1.6E1
6.6809E1 2E1
6.6811E1 2E1
6.6813E1 2.1E1
6.6815E1 1.8E1
6.6817E1 1E1
6.6819E1 1.4E1
6.6821E1 1.3E1
6.6823E1 1.2E1
6.6825E1 1.2E1
6.6827E1 1.3E1
6.6829E1 8E0
6.6831E1 1.2E1
6.6833E1 1.3E1
6.6835E1 1.2E1
6.6837E1 1.5E1
6.6839E1 1.3E1
6.6841E1 1.1E1
6.6843E1 1.2E1
6.6845E1 1.2E1
6.6847E1 9E0
6.6849E1 1.7E1
6.6851E1 1.8E1
6.6853E1 2.2E1
6.6855E1 1.8E1
6.6857E1 2.3E1
6.6859E1 1.7E1
6.6861E1 1.5E1
6.6863E1 1.7E1
6.6865E1 2.1E1
6.6867E1 2E1
6.6869E1 1.6E1
6.6871E1 8E0
6.6873E1 1.3E1
6.6875E1 1E1
6.6877E1 1E1
6.6879E1 6E0
6.6881E1 1.4E1
6.6883E1 7E0
6.6885E1 1.4E1
6.6887E1 9E0
6.6889E1 1.3E1
6.6891E1 9E0
6.6893E1 1E1
6.6895E1 1.5E1
6.6897E1 1.3E1
6.6899E1 1.5E1
6.6901E1 1.5E1
6.6903E1 1.2E1
6.6905E1 1.6E1
6.6907E1 2.5E1
6.6909E1 1.7E1
6.6911E1 2.2E1
6.6913E1 2.3E1
6.6915E1 1.7E1
6.6917E1 1.4E1
6.6919E1 1.6E1
6.6921E1 1.7E1
6.6923E1 1.9E1
6.6925E1 7E0
6.6927E1 1.6E1
6.6929E1 8E0
6.6931E1 7E0
6.6933E1 1E1
6.6935E1 1.3E1
6.6937E1 1.2E1
6.6939E1 6E0
6.6941E1 9E0
6.6943E1 6E0
6.6945E1 1E1
6.6947E1 9E0
6.6949E1 1E1
6.6951E1 1.3E1
6.6953E1 8E0
6.6955E1 2.1E1
6.6957E1 1.6E1
6.6959E1 2.2E1
6.6961E1 2E1
6.6963E1 2.5E1
6.6965E1 1.7E1
6.6967E1 1.8E1
6.6969E1 1.7E1
6.6971E1 1.7E1
6.6973E1 1.2E1
6.6975E1 9E0
6.6977E1 8E0
6.6979E1 6E0
6.6981E1 8E0
6.6983E1 7E0
6.6985E1 1.3E1
6.6987E1 6E0
6.6989E1 5E0
6.6991E1 6E0
6.6993E1 7E0
6.6995E1 4E0
6.6997E1 7E0
6.6999E1 1.1E1
6.7001E1 1.1E1
6.7003E1 1.3E1
6.7005E1 6E0
6.7007E1 1E1
6.7009E1 1.5E1
6.7011E1 1.2E1
6.7013E1 1.4E1
6.7015E1 1.2E1
6.7017E1 1.2E1
6.7019E1 1.6E1
6.7021E1 9E0
6.7023E1 1E1
6.7025E1 1.9E1
6.7027E1 1.9E1
6.7029E1 1.1E1
6.7031E1 7E0
6.7033E1 1E1
6.7035E1 1E1
6.7037E1 6E0
6.7039E1 7E0
6.7041E1 9E0
6.7043E1 4E0
6.7045E1 8E0
6.7047E1 1E1
6.7049E1 9E0
6.7051E1 8E0
6.7053E1 1.4E1
6.7055E1 1.5E1
6.7057E1 1.1E1
6.7059E1 1.5E1
6.7061E1 9E0
6.7063E1 1.7E1
6.7065E1 1.8E1
6.7067E1 1.3E1
6.7069E1 1.5E1
6.7071E1 9E0
6.7073E1 1.6E1
6.7075E1 7E0
6.7077E1 1E1
6.7079E1 1E1
6.7081E1 1E1
6.7083E1 1.2E1
6.7085E1 6E0
6.7087E1 7E0
6.7089E1 9E0
6.7091E1 9E0
6.7093E1 5E0
6.7095E1 9E0
6.7097E1 9E0
6.7099E1 4E0
6.7101E1 5E0
6.7103E1 6E0
6.7105E1 1.3E1
6.7107E1 7E0
6.7109E1 1.4E1
6.7111E1 3E0
6.7113E1 4E0
6.7115E1 1.6E1
6.7117E1 1E1
6.7119E1 8E0
6.7121E1 1E1
6.7123E1 1E1
6.7125E1 1.1E1
6.7127E1 1.2E1
6.7129E1 1.1E1
6.7131E1 9E0
6.7133E1 6E0
6.7135E1 7E0
6.7137E1 8E0
6.7139E1 8E0
6.7141E1 8E0
6.7143E1 9E0
6.7145E1 9E0
6.7147E1 6E0
6.7149E1 8E0
6.7151E1 7E0
6.7153E1 4E0
6.7155E1 6E0
6.7157E1 5E0
6.7159E1 8E0
6.7161E1 5E0
6.7163E1 9E0
6.7165E1 8E0
6.7167E1 1.1E1
6.7169E1 1E1
6.7171E1 1.2E1
6.7173E1 7E0
6.7175E1 9E0
6.7177E1 5E0
6.7179E1 9E0
6.7181E1 1.2E1
6.7183E1 6E0
6.7185E1 6E0
6.7187E1 8E0
6.7189E1 5E0
6.7191E1 7E0
6.7193E1 6E0
6.7195E1 1E1
6.7197E1 4E0
6.7199E1 2E0
6.7201E1 8E0
6.7203E1 6E0
6.7205E1 8E0
6.7207E1 4E0
6.7209E1 8E0
6.7211E1 5E0
6.7213E1 1.2E1
6.7215E1 8E0
6.7217E1 1.3E1
6.7219E1 1.1E1
6.7221E1 1.2E1
6.7223E1 1.1E1
6.7225E1 9E0
6.7227E1 8E0
6.7229E1 1.4E1
6.7231E1 1E1
6.7233E1 1.1E1
6.7235E1 1E1
6.7237E1 9E0
6.7239E1 1E1
6.7241E1 5E0
6.7243E1 9E0
6.7245E1 9E0
6.7247E1 4E0
6.7249E1 9E0
6.7251E1 3E0
6.7253E1 3E0
6.7255E1 7E0
6.7257E1 8E0
6.7259E1 6E0
6.7261E1 8E0
6.7263E1 8E0
6.7265E1 6E0
6.7267E1 7E0
6.7269E1 1.3E1
6.7271E1 6E0
6.7273E1 1E1
6.7275E1 7E0
6.7277E1 1.3E1
6.7279E1 8E0
6.7281E1 1E1
6.7283E1 7E0
6.7285E1 9E0
6.7287E1 1.2E1
6.7289E1 1E1
6.7291E1 7E0
6.7293E1 9E0
6.7295E1 5E0
6.7297E1 7E0
6.7299E1 3E0
6.7301E1 7E0
6.7303E1 6E0
6.7305E1 3E0
6.7307E1 5E0
6.7309E1 8E0
6.7311E1 1E1
6.7313E1 9E0
6.7315E1 3E0
6.7317E1 1.3E1
6.7319E1 7E0
6.7321E1 1.3E1
6.7323E1 6E0
6.7325E1 5E0
6.7327E1 7E0
6.7329E1 5E0
6.7331E1 1.1E1
6.7333E1 4E0
6.7335E1 1.2E1
6.7337E1 1.2E1
6.7339E1 7E0
6.7341E1 9E0
6.7343E1 1E1
6.7345E1 1E1
6.7347E1 1E1
6.7349E1 4E0
6.7351E1 8E0
6.7353E1 6E0
6.7355E1 5E0
6.7357E1 7E0
6.7359E1 5E0
6.7361E1 3E0
6.7363E1 2E0
6.7365E1 6E0
6.7367E1 6E0
6.7369E1 6E0
6.7371E1 7E0
6.7373E1 7E0
6.7375E1 8E0
6.7377E1 6E0
6.7379E1 4E0
6.7381E1 5E0
6.7383E1 6E0
6.7385E1 6E0
6.7387E1 1.2E1
6.7389E1 7E0
6.7391E1 4E0
6.7393E1 6E0
6.7395E1 4E0
6.7397E1 9E0
6.7399E1 2E0
6.7401E1 4E0
6.7403E1 6E0
6.7405E1 5E0
6.7407E1 6E0
6.7409E1 6E0
6.7411E1 7E0
6.7413E1 7E0
6.7415E1 7E0
6.7417E1 5E0
6.7419E1 4E0
6.7421E1 8E0
6.7423E1 6E0
6.7425E1 6E0
6.7427E1 6E0
6.7429E1 7E0
6.7431E1 8E0
6.7433E1 1E1
6.7435E1 7E0
6.7437E1 1.1E1
6.7439E1 9E0
6.7441E1 9E0
6.7443E1 9E0
6.7445E1 7E0
6.7447E1 9E0
6.7449E1 5E0
6.7451E1 6E0
6.7453E1 6E0
6.7455E1 8E0
6.7457E1 5E0
6.7459E1 5E0
6.7461E1 6E0
6.7463E1 7E0
6.7465E1 5E0
6.7467E1 3E0
6.7469E1 5E0
6.7471E1 4E0
6.7473E1 3E0
6.7475E1 5E0
6.7477E1 2E0
6.7479E1 7E0
6.7481E1 8E0
6.7483E1 4E0
6.7485E1 4E0
6.7487E1 6E0
6.7489E1 8E0
6.7491E1 1.3E1
6.7493E1 7E0
6.7495E1 8E0
6.7497E1 9E0
6.7499E1 7E0
6.7501E1 1.1E1
6.7503E1 7E0
6.7505E1 6E0
6.7507E1 4E0
6.7509E1 8E0
6.7511E1 2E0
6.7513E1 5E0
6.7515E1 4E0
6.7517E1 8E0
6.7519E1 3E0
6.7521E1 6E0
6.7523E1 5E0
6.7525E1 8E0
6.7527E1 4E0
6.7529E1 2E0
6.7531E1 3E0
6.7533E1 6E0
6.7535E1 6E0
6.7537E1 4E0
6.7539E1 8E0
6.7541E1 5E0
6.7543E1 6E0
6.7545E1 8E0
6.7547E1 5E0
6.7549E1 1E1
6.7551E1 4E0
6.7553E1 5E0
6.7555E1 6E0
6.7557E1 3E0
6.7559E1 6E0
6.7561E1 5E0
6.7563E1 5E0
6.7565E1 1E0
6.7567E1 5E0
6.7569E1 3E0
6.7571E1 5E0
6.7573E1 6E0
6.7575E1 4E0
6.7577E1 3E0
6.7579E1 6E0
6.7581E1 6E0
6.7583E1 3E0
6.7585E1 6E0
6.7587E1 9E0
6.7589E1 5E0
6.7591E1 5E0
6.7593E1 8E0
6.7595E1 6E0
6.7597E1 5E0
6.7599E1 6E0
6.7601E1 7E0
6.7603E1 4E0
6.7605E1 9E0
6.7607E1 2E0
6.7609E1 6E0
6.7611E1 1E0
6.7613E1 1E0
6.7615E1 1E0
6.7617E1 2E0
6.7619E1 6E0
6.7621E1 5E0
6.7623E1 9E0
6.7625E1 2E0
6.7627E1 3E0
6.7629E1 4E0
6.7631E1 7E0
6.7633E1 5E0
6.7635E1 5E0
6.7637E1 9E0
6.7639E1 7E0
6.7641E1 5E0
6.7643E1 4E0
6.7645E1 1E0
6.7647E1 2E0
6.7649E1 6E0
6.7651E1 1E0
6.7653E1 2E0
6.7655E1 1E0
6.7657E1 2E0
6.7659E1 1E0
6.7661E1 5E0
6.7663E1 6E0
6.7665E1 6E0
6.7667E1 7E0
6.7669E1 4E0
6.7671E1 5E0
6.7673E1 6E0
6.7675E1 6E0
6.7677E1 6E0
6.7679E1 5E0
6.7681E1 4E0
6.7683E1 4E0
6.7685E1 3E0
6.7687E1 3E0
6.7689E1 5E0
6.7691E1 3E0
6.7693E1 4E0
6.7695E1 5E0
6.7697E1 7E0
6.7699E1 4E0
6.7701E1 1.4E1
6.7703E1 7E0
6.7705E1 5E0
6.7707E1 5E0
6.7709E1 3E0
6.7711E1 1E0
6.7713E1 4E0
6.7715E1 3E0
6.7717E1 6E0
6.7719E1 3E0
6.7721E1 6E0
6.7723E1 1E0
6.7725E1 4E0
6.7727E1 7E0
6.7729E1 5E0
6.7731E1 6E0
6.7733E1 5E0
6.7735E1 4E0
6.7737E1 2E0
6.7739E1 6E0
6.7741E1 7E0
6.7743E1 4E0
6.7745E1 6E0
6.7747E1 9E0
6.7749E1 8E0
6.7751E1 5E0
6.7753E1 7E0
6.7755E1 5E0
6.7757E1 5E0
6.7759E1 1.1E1
6.7761E1 4E0
6.7763E1 7E0
6.7765E1 4E0
6.7767E1 8E0
6.7769E1 5E0
6.7771E1 6E0
6.7773E1 3E0
6.7775E1 6E0
6.7777E1 4E0
6.7779E1 5E0
6.7781E1 1E0
6.7783E1 6E0
6.7785E1 6E0
6.7787E1 4E0
6.7789E1 6E0
6.7791E1 1.2E1
6.7793E1 5E0
6.7795E1 4E0
6.7797E1 3E0
6.7799E1 6E0
6.7801E1 6E0
6.7803E1 4E0
6.7805E1 4E0
6.7807E1 5E0
6.7809E1 7E0
6.7811E1 4E0
6.7813E1 2E0
6.7815E1 5E0
6.7817E1 6E0
6.7819E1 5E0
6.7821E1 6E0
6.7823E1 2E0
6.7825E1 6E0
6.7827E1 1E0
6.7829E1 1E0
6.7831E1 3E0
6.7833E1 7E0
6.7835E1 4E0
6.7837E1 5E0
6.7839E1 2E0
6.7841E1 6E0
6.7843E1 6E0
6.7845E1 8E0
6.7847E1 1E1
6.7849E1 6E0
6.7851E1 5E0
6.7853E1 2E0
6.7855E1 5E0
6.7857E1 2E0
6.7859E1 6E0
6.7861E1 5E0
6.7863E1 2E0
6.7865E1 1E0
6.7867E1 3E0
6.7869E1 9E0
6.7871E1 5E0
6.7873E1 2E0
6.7875E1 4E0
6.7877E1 4E0
6.7879E1 6E0
6.7881E1 5E0
6.7883E1 2E0
6.7885E1 5E0
6.7887E1 6E0
6.7889E1 3E0
6.7891E1 3E0
6.7893E1 4E0
6.7895E1 3E0
6.7897E1 2E0
6.7899E1 5E0
6.7901E1 1E0
6.7903E1 3E0
6.7905E1 1E0
6.7907E1 7E0
6.7909E1 4E0
6.7911E1 9E0
6.7913E1 8E0
6.7915E1 3E0
6.7917E1 9E0
6.7919E1 4E0
6.7921E1 3E0
6.7923E1 2E0
6.7925E1 4E0
6.7927E1 7E0
6.7929E1 7E0
6.7931E1 5E0
6.7933E1 3E0
6.7935E1 2E0
6.7937E1 3E0
6.7939E1 1E0
6.7941E1 5E0
6.7943E1 1E0
6.7945E1 3E0
6.7947E1 6E0
6.7949E1 4E0
6.7951E1 4E0
6.7953E1 6E0
6.7955E1 7E0
6.7957E1 7E0
6.7959E1 6E0
6.7961E1 7E0
6.7963E1 2E0
6.7965E1 8E0
6.7967E1 4E0
6.7969E1 5E0
6.7971E1 9E0
6.7973E1 2E0
6.7975E1 2E0
6.7977E1 1E0
6.7979E1 3E0
6.7981E1 3E0
6.7983E1 2E0
6.7985E1 4E0
6.7987E1 2E0
6.7989E1 4E0
6.7991E1 2E0
6.7993E1 5E0
6.7995E1 3E0
6.7997E1 1E0
6.7999E1 1E0
6.8001E1 3E0
6.8003E1 5E0
6.8005E1 2E0
6.8007E1 7E0
6.8009E1 3E0
6.8011E1 6E0
6.8013E1 4E0
6.8015E1 5E0
6.8017E1 3E0
6.8019E1 8E0
6.8021E1 1E0
6.8023E1 3E0
6.8025E1 7E0
6.8027E1 4E0
6.8029E1 6E0
6.8031E1 3E0
6.8033E1 4E0
6.8035E1 7E0
6.8037E1 5E0
6.8039E1 6E0
6.8041E1 2E0
6.8043E1 5E0
6.8045E1 3E0
6.8047E1 4E0
6.8049E1 1E0
6.8051E1 3E0
6.8053E1 4E0
6.8055E1 3E0
6.8057E1 6E0
